
1365
43040
1568
43048
7442
77232
46576
10118
9584
11828
20541
8985
2125
10702
7700
7424
11881
5507
2729
2653
9302
452
11146
3063
10695
6721
783
5507
67673
10659
51056
52843
27346
10056
6796
6962
6218
5455
561
11177
1527064
1721544
1474017
1477206
1477201
1477204
1476024
1527063
1394522
1475066
1475071
1394527
31574
47147
46553
46576
31694
29809
32392
31273
46588
48744
47465
52858
7687
53310
6548
9302
869
4426
89585
1402
26
13335
2700
5475
4922
9702
10256
5286
11559
3519
6839
3652
9875
5161
5349
4006
90361
7018
10005
2595
3675
2760
180
1159
5763
11
3179
6889
4961
3653
500
6616
1255
5012
3947
7243
78367
3761
77232
5230
262
10757
3960
32473
10606
5254
6485
11828
4426
5161
2150
8243
8654
10306
58807
58886
61115
10463
58750
8221
10398
5685
1613
5875
63782
7153
11567
9292
9196
58741
434295
107570
1133133
8711
10944
45028
8654
89585
947
6998
8646
42023
52147
75804
75930
75405
7077
11079
11804
4195
384
3269
9916
5977
7120
4720
500
65263
3329
1701
32392
1105
59433
10271
52843
10741
13335
3278
13573
55774
9472
2856
34399
29764
52858
11079
52804
9744
7687
31851
839338
6998
4922
11559
8883
31273
36103
5475
1255
502675
7153
9916
35800
1492
1568
3327
47147
4734
9744
6485
6926
3916
1694
11014
4370
12339
12762
12443
12803
8985
6695
12549
9327
5286
180
7243
83
52117
46553
26146
74652
72436
27346
67879
25804
4814
9833
52780
1372
10673
10375
10105
11714
83059
4366
60951
3519
9299
52147
8933
43048
46588
10499
10306
31851
3269
9994
10504
5505
11014
9147
972
11140